3.033190
1.677962
9586.240711
730.919799
0.000000
12.128992
37.319390
0.415926
92.644031
3.042803
31.199868
61.798361
45.550536
51.765446
1.743040
2.362828
20.115057
7.850743
22.951295
6.401705
32.922073
36.773623
0.109864
0.373478
0.642809
6.769825
3.324493
1103.786194
410.702487
35.740048
1.108964
6.001118
403.020432
1195.800764
13.563025
17.227161
77.721879
1.781530
1.682799
2.177113
206.590620
64.485367
0.000000
7.248419
4.085182
121.750983
5.546626
8.339301
6.697386
0.204869
2712.592189
100.379838
21.949380
812.695220
51.052541
17.782675
15.050559
12.825761
22.474892
572.917009
67.551510
759.971515
1.957068
766.701415
1.379411
36.406030
4480.705980
0.000334
5.780435
149.428441
178.178816
5.739449
4.932662
4.149819
4.972810
5.617479
5.517798
3.278856
5.712756
5.676337
5.480186
5.065038
5.299347
5.136382
5.111830
5.429725
6.256984
7.333366
5.854999
4.453785
4.603603
4.056689
3.141043
4.235370
4.957024
4.249280
5.933629
5.571679
6.235058
5.627876
4.884804
5.782039
4.798861
5.110425
3.912850
2.266308
3.619056
23.075841
142.177120
13.426761
3527.646821
54.394364
164.188461
66.221018
376.909456
458.547794
439.721127
256.410672
321.791500
206.812997
410.392846
1.519757
89.838349
95.428901
232.312060
75.001836
38.617646
47.823429
331.087428
2.255886
228.855737
405.518092
165.928801
13.415710
14.123952
247.811257
209.957695
277.394859
388.477847
439.577441
193.622547
192.721187
148.967945
184.702933
63.356973
215.922277
163.390408
253.693427
23.161306
187.474120
5.653072
123.429232
436.701923
114.334859
176.887321
109.725778
153.255343
46.193542
22.428087
86.671685
283.212965
111.352305
264.438215
330.222197
305.895743
246.720627
25.263490
109.176656
425.166675
121.847130
173.555046
106.615531
70.036063
7.841949
98.299801
42.560809
318.295706
124.923564
737.920573
136.911750
1.807508
1.802996
1.918889
2.319784
2.229142
1.289985
1.706940
2.171424
2.315990
1.611593
2.104225
1.390457
1.825300
2.268390
2.239188
1.731891
2.220577
1.863146
1.473441
1.705849
2.067249
1.933029
1.606002
1.290316
2.191796
1.909367
1.755121
1.525140
1.387158
1.732792
1.303707
1.567991
2.125037
2.206456
2.262925
1.725059
1.255395
1.782529
0.889373
1.308079
1.297690
2.594289
2.371203
570.753805
118.188733
58.726504
15.045820
69.182948
1.116349
30.789296
278.540035
611.763239
0.095721
17573.391714
41.018573
87.597647
376.275124
26.900064
92.219588
70.632523
0.000002
973.309837
0.613308
86.382878
64.455754
2.776862
16.339899
73.256880
52.828797
2.564052
14.737976
7.144090
30.494937
1.634065
0.143069
0.099631
0.092599
0.158227
0.146066
0.044861
0.236497
0.030194
0.049181
0.127589
0.131658
0.020820
0.139307
0.134504
0.075047
0.085269
0.083526
0.114294
0.169355
0.053857
0.128260
0.069220
0.118899
0.092371
0.094437
0.064816
0.050429
0.155779
0.034827
0.181414
0.106542
0.112254
0.059803
0.148723
0.073577
0.048622
0.143774
0.139713
0.053642
0.136346
0.031900
0.129538
0.106596
0.111152
0.145162
0.164982
0.028097
0.120305
0.203447
0.173248
0.166068
0.147078
0.119201
0.139923
6.503167
0.783183
19580.393267
0.000000
0.032583
20.176317
12754.876621
1818.705920
6.657600
0.088668
9.594868
20.578671
2013.111028
919.639716
410.024046
322087.596546
14.664262
34.737143
3.879288
3.428605
0.269242
0.201748
0.127551
58.226828
0.291948
0.179485
0.190446
0.291180
0.285965
0.140481
0.253786
0.189055
2.199158
1.576245
1.022713
1.325788
0.060251
0.187871
1.206378
1.387191
0.207210
0.163424
0.078336
0.082831
1.175834
0.040623
1.185281
1.257232
0.927342
1.070420
1.404929
15.922539
1.393207
1.619930
1.442428
0.242031
1.272785
1.288251
1.047515
0.251240
1.505888
1.143061
0.158198
0.246236
0.086443
1.194188
1.141624
65.831080
12257571.904705
34.865446
83.769729
2.525717
1468.691245
491.223650
25.185685
3.641686
0.202197
1.565412
1.161869
0.656087
368.271368
52.628064
0.325233
0.051165
16.690776
142.272629
20.386040
210.873139
86.643144
18.924997
11.323731
0.058867
0.182828
1.657885
2363.233934
82.733893
442.856044
21.548343
158.712503
37.695854
115.281261
48.928883
0.085665
181.464162
673.109229
129.506730
0.557136
26.532292
0.264439
722.530096
0.171051
32.409928
53.136723
21.823944
6.382617
27.326104
94.105448
8.433051
925.900633
206.071316
49.889237
15.139265
37.987533
13.414324
33.438874
0.318621
0.050819
170.611917
119.110889
0.074069
48.787202
19.961635
2132.118702
917.371137
0.214874
37.834092
1760.974564
380.736015
14.032530
32.984025
28.289612
912.495536
68.048282
302.791348
4.346574
265.712051
22.361650
50.403994
2.615816
834.902985
2.815921
852.052652
2.417407
20.808882
0.068226
0.267400
3111.006806
1763.236518
36.336607
1.313713
581.725870
25.282802
42.213948
70.142524
713.963255
24.001533
98.688350
193.439635
121.204489
5.648983
11.958191
13.001139
1064.885019
0.294642
12.458041
43.265074
13.296461
638.077128
688.407306
127.833165
969.547789
168.182504
35.396598
204.687387
6.761298
8.245339
35.506867
25.179257
55.562746
17.408922
38.086136
14.000041
457.436770
21.651772
181.346451
87.348858
0.668279
35.391285
14.570912
4.170342
29.866551
103.027903
20.370526
3.239515
25.867222
877.473159
1.411360
21.969599
25.728613
5.839771
1.340963
12.470630
6.354770
33.656228
44.478517
470.981679
1324.363990
12.514843
74.542975
5.027741
10.064897
0.024632
